X	Y	Z	distance	slope
268810.354	2142885.433	1070.46448	0	16.52456958
268815.901	2142877.113	1067.49768	10	16.52456958
268821.448	2142868.792	1067.34985	20	0.846941816
268826.995	2142860.472	1064.27393	30	17.09747867
268832.542	2142852.151	1060.38794	40	21.23607662
268838.089	2142843.831	1059.94006	50	2.564449557
268843.636	2142835.51	1056.51404	60	18.91156246
268849.375	2142827.322	1050.22681	70	32.15851964
268855.159	2142819.164	1052.3761	80	-12.12999185
268860.942	2142811.006	1051.13135	90	7.095396927
268866.725	2142802.847	1047.59277	100	19.48673278
268872.508	2142794.689	1045.97705	110	9.178076074
268875.58	2142785.21	1042.83582	120	17.43870327
268878.44	2142775.628	1040.77283	130	11.6565335
268881.301	2142766.046	1039.27722	140	8.506164666
268886.366	2142758.113	1037.8689	150	8.016358759
268894.75	2142752.663	1035.38269	160	13.96185619
268903.135	2142747.213	1033.64417	170	9.862412054
268910.643	2142740.61	1031.37146	180	12.80417196
268918.145	2142733.997	1030.57971	190	4.52694977
268925.646	2142727.384	1028.32495	200	12.70633948
268933.147	2142720.771	1025.85461	210	13.87618933
268940.648	2142714.158	1023.50458	220	13.22471408
268950.03	2142711.021	1022.35028	230	6.584510824
268958.309	2142706.399	1021.30048	240	5.992959527
268964.181	2142698.305	1019.66241	250	9.30283012
268970.054	2142690.211	1018.60773	260	6.020613678
268975.648	2142681.951	1015.97314	270	14.75969634
268979.991	2142672.943	1015.33643	280	3.643161767
268984.334	2142663.935	1014.03735	290	7.401728459
268988.476	2142654.883	1012.0719	300	11.11946343
268988.291	2142644.885	1011.08795	310	5.619529509
268988.105	2142634.887	1010.84393	320	1.397854201
268987.92	2142624.889	1009.34686	330	8.514346652
268987.735	2142614.89	1008.37292	340	5.562720855
268987.55	2142604.892	1008.07605	350	1.700440381
268991.482	2142596.449	1005.55371	360	14.15664943
268998.232	2142589.071	1004.08813	370	8.337796458
269004.983	2142581.693	1002.59625	380	8.485259785
269011.733	2142574.315	1002.63605	390	-0.228035998
269018.483	2142566.937	1001.33868	400	7.392093271
269025.233	2142559.559	999.82745	410	8.593682516
269031.622	2142551.93	1000.34955	420	-2.988699004
269036.179	2142543.029	999.8847	430	2.661478391
269040.735	2142534.127	999.6153	440	1.543175046
269045.292	2142525.226	999.39435	450	1.265744301
269049.849	2142516.324	998.89471	460	2.860347718
269051.874	2142507.041	999.24536	470	-2.008253693
269050.146	2142497.191	998.47479	480	4.406333367
269048.418	2142487.342	999.86987	490	-7.941960899
269043.478	2142479.615	1000.33337	500	-2.65376009
269035.094	2142474.165	996.83069	510	19.3037246
269027.093	2142468.415	996.61938	520	1.210536962
269023.813	2142458.968	997.41187	530	-4.53116322
269020.533	2142449.522	995.70715	540	9.674327265
269017.253	2142440.075	996.39716	550	-3.947209613
269013.753	2142430.717	993.71692	560	15.00399897
269009.513	2142421.661	994.21564	570	-2.855089609
269004.045	2142413.299	992.07953	580	12.05779088
268998.469	2142404.997	992.13916	590	-0.341650684
268996.824	2142395.251	991.97205	600	0.957380659
268995.697	2142385.315	992.84515	610	-4.989840936
268993.119	2142375.819	988.67303	620	22.64648301
268988.539	2142366.929	989.43958	630	-4.383435717
268985.888	2142357.462	988.67163	640	4.391410183
268984.832	2142347.518	985.81873	650	15.9229183
268983.776	2142337.574	985.2262	660	3.390982046
268984.837	2142327.738	985.10187	670	0.712321725
268986.895	2142317.952	984.86823	680	1.338415092
268988.953	2142308.166	985.95795	690	-6.219096116
268991.011	2142298.38	984.72095	700	7.051666055
268993.069	2142288.594	982.97534	710	9.901838258
268995.127	2142278.808	982.35229	720	3.565205036
268994.819	2142268.95	980.61188	730	9.872922925
268993.721	2142259.06	980.58881	740	0.132181129
268995.352	2142249.194	982.06415	750	-8.39253358
268996.982	2142239.328	981.7373	760	1.872046102
268998.618	2142229.463	980.40344	770	7.597608217
269000.482	2142219.638	979.40784	780	5.685631514
269002.404	2142209.825	979.5437	790	-0.778372572
269004.377	2142200.021	978.61591	800	5.300670593
269006.351	2142190.218	979.08667	810	-2.695266254
269005.862	2142180.911	976.83795	820	12.67340283
269000.247	2142172.636	976.06757	830	4.405251172
268994.632	2142164.361	975.94177	840	0.720742887
268991.71	2142154.89	975.56818	850	2.139518026
268989.335	2142145.176	976.24182	860	-3.853850455
268986.961	2142135.462	974.99225	870	7.122590521
268984.064	2142125.913	975.57257	880	-3.321263665
268980.44	2142116.593	975.63538	890	-0.359870059
268979.736	2142106.62	974.83234	900	4.591227992
268979.048	2142096.644	972.88654	910	11.01102447
268978.36	2142086.667	971.90198	920	5.622991018
268977.671	2142076.691	972.58148	930	-3.887272791
268980.037	2142067.177	971.60638	940	5.56930464
268983.647	2142057.851	971.05548	950	3.153237143
268985.268	2142048.568	970.94128	960	0.65428936
268981.26	2142039.407	970.4082	970	3.051435137
268977.252	2142030.245	968.8786	980	8.696556732
268978.126	2142020.845	970.13196	990	-7.143970771
268981.222	2142011.336	969.28363	1000	4.848963026
268984.318	2142001.828	968.61749	1010	3.811070598
268985.192	2141992.327	968.28314	1020	1.914971019
268982.03	2141982.84	968.66565	1030	-2.190552918
268978.867	2141973.353	968.66803	1040	-0.013636395
268975.705	2141963.866	967.38879	1050	7.289911982
268972.543	2141954.379	967.17126	1060	1.246158559
268970.366	2141944.79	966.56	1070	3.497909635
268971.512	2141934.856	967.33142	1080	-4.41117473
268972.658	2141924.922	966.6283	1090	4.02196167
268973.805	2141914.988	966.67706	1100	-0.279372007
268974.951	2141905.054	966.85175	1110	-1.000798177
268976.097	2141895.12	966.98138	1120	-0.742683592
268978.33	2141885.454	967.00256	1130	-0.12135228
268981.929	2141876.124	966.2417	1140	4.351023462
268985.528	2141866.794	965.49664	1150	4.261006499
268989.127	2141857.464	964.96429	1160	3.047264381
268992.727	2141848.134	965.32245	1170	-2.051228843
268996.326	2141838.804	964.75549	1180	3.244967577
268999.925	2141829.474	964.75372	1190	0.010141353
269003.524	2141820.145	964.81866	1200	-0.372073562
269007.123	2141810.815	963.5509	1210	7.225186159
269010.722	2141801.485	962.64594	1220	5.170953672
269014.322	2141792.155	962.04114	1230	3.461032896
269017.921	2141782.825	961.12909	1240	5.211243831
269021.52	2141773.495	960.76404	1250	2.090654082
269026.085	2141764.697	960.11804	1260	3.696171494
269032.044	2141756.667	960.22076	1270	-0.588521549
269038.003	2141748.636	958.96527	1280	7.155985707
269043.961	2141740.605	958.90668	1290	0.335692131
269049.92	2141732.574	958.35742	1300	3.143868982
269052.266	2141722.928	958.34912	1310	0.047555486
269054.28	2141713.133	957.60779	1320	4.239752567
269056.294	2141703.338	956.64709	1330	5.487564497
269058.308	2141693.542	956.24078	1340	2.326705012
269060.322	2141683.747	954.90546	1350	7.605827013
269062.336	2141673.952	954.05115	1360	4.882979369
269064.35	2141664.157	954.24701	1370	-1.122051675
269066.364	2141654.362	954.1524	1380	0.542059197
269066.533	2141644.39	952.85138	1390	7.412659098
269066.418	2141634.391	953.12604	1400	-1.573290339
269066.303	2141624.391	953.06415	1410	0.354599052
269066.188	2141614.392	952.23108	1420	4.762143304
269066.073	2141604.393	951.46191	1430	4.398359221
269065.958	2141594.393	950.43823	1440	5.844894479
269068.645	2141585.318	949.99377	1450	2.544893331
269074.684	2141577.347	949.49213	1460	2.871778225
269080.723	2141569.376	948.60364	1470	5.077340303
269087.859	2141562.673	948.16693	1480	2.500575132
269096.612	2141557.836	947.39636	1490	4.406333367
269105.364	2141552.999	946.57214	1500	4.711782347
269113.739	2141547.671	945.99377	1510	3.310128362
269120.651	2141540.445	945.64368	1520	2.005049063
269127.563	2141533.219	945.69641	1530	-0.302117845
269136.094	2141528.113	946.01733	1540	-1.83810531
269144.887	2141523.351	946.35016	1550	-1.906271741
269153.681	2141518.59	945.21423	1560	6.480620802
269162.475	2141513.829	942.2522	1570	16.49944719
269164.425	2141504.741	941.31036	1580	5.380473768
269171.058	2141499.482	941.11823	1590	1.100688389
269180.594	2141496.471	939.2912	1600	10.35391288
269190.13	2141493.459	939.0163	1610	1.574664401
269199.301	2141489.831	938.43488	1620	3.327545007
269206.54	2141482.932	936.6474	1630	10.13447552
269213.78	2141476.034	936.04254	1640	3.461375418
269221.019	2141469.135	935.06256	1650	5.597000324
269227.936	2141461.98	934.4082	1660	3.743869129
269233.02	2141453.369	933.82043	1670	3.36380391
269238.357	2141444.959	933.30005	1680	2.978870832
269245.601	2141438.065	933.18994	1690	0.630858334
269252.845	2141431.171	932.39185	1700	4.563047194
269262.691	2141430.04	933.02618	1710	-3.629580225
269271.881	2141426.876	932.30206	1720	4.141673129
269280.335	2141421.535	931.37726	1730	5.283684896
269288.755	2141416.14	931.30957	1740	0.387829208
269297.175	2141410.746	931.11218	1750	1.130814541
269305.596	2141405.352	931.67242	1760	-3.206586729
269314.016	2141399.957	929.39648	1770	12.82176832
269322.436	2141394.563	929.13898	1780	1.475040365
269330.289	2141388.474	929.47394	1790	-1.918462152
269337.246	2141381.292	929.08392	1800	2.233517942
269344.204	2141374.109	928.86365	1810	1.261850083
269351.029	2141366.804	929.19678	1820	-1.907988711
269357.652	2141359.312	929.74518	1830	-3.138956342
269364.275	2141351.819	927.73962	1840	11.3405604
269370.899	2141344.327	927.01147	1850	4.164642218
269376.463	2141336.042	926.25647	1860	4.317639911
269378.671	2141326.854	925.65979	1870	3.414676022
269377.899	2141316.972	926.00848	1880	-1.997037434
269383.211	2141308.5	924.9884	1890	5.824481162
269388.524	2141300.028	925.13428	1900	-0.835771548
269393.836	2141291.556	925.03534	1910	0.566865946
269397.499	2141282.342	924.94189	1920	0.535413474
269400.313	2141272.746	924.93829	1930	0.02062648
269403.127	2141263.15	924.93683	1940	0.008365184
269405.941	2141253.554	924.91345	1950	0.133957288
269408.755	2141243.958	925.12396	1960	-1.205955338
269410.876	2141234.206	926.35657	1970	-7.026890965
269412.439	2141224.329	921.86798	1980	24.17335664
269414.003	2141214.452	920.55524	1990	7.478682114
269415.566	2141204.575	919.8941	2000	3.782548326
269417.129	2141194.698	919.43091	2010	2.651987726
269419.606	2141185.09	918.15991	2020	7.243455611
269423.647	2141175.943	917.89813	2030	1.499546438
269427.688	2141166.796	920.0528	2040	-12.15945264
269431.729	2141157.649	918.86682	2050	6.763571957
269435.77	2141148.501	918.83411	2060	0.187413826
269439.474	2141139.249	915.93036	2070	16.19197616
269441.386	2141129.433	916.36023	2080	-2.461458259
269443.297	2141119.617	915.71838	2090	3.672491931
269445.208	2141109.802	915.24451	2100	2.713045579
269447.119	2141099.986	914.04736	2110	6.826675377
269449.031	2141090.17	913.95935	2120	0.504247137
269450.942	2141080.355	912.55829	2130	7.975566911
269456.332	2141072.282	911.37872	2140	6.727352064
269459.555	2141063.743	911.1806	2150	1.134995498
269458.45	2141053.804	912.11871	2160	-5.359289615
269465.338	2141046.755	910.72827	2170	7.91588154
269472.543	2141039.821	910.8783	2180	-0.859544092
269478.966	2141032.413	909.95422	2190	5.279594556
269481.772	2141022.815	909.49847	2200	2.609449472
269484.291	2141013.142	910.0498	2210	-3.155693401
269488.199	2141004.195	910.21283	2220	-0.93401035
269494.334	2140996.298	909.78473	2230	2.451335534
269500.469	2140988.401	907.6015	2240	12.31573714
269506.603	2140980.503	906.15833	2250	8.212056328
269512.738	2140972.606	905.91187	2260	1.411825969
269518.873	2140964.709	906.03973	2270	-0.732543919
269522.396	2140955.711	906.32581	2280	-1.638670719
269523.767	2140945.805	904.83606	2290	8.473321124
269525.137	2140935.9	905.29095	2300	-2.604532229
269526.507	2140925.994	904.68756	2310	3.452983566
269527.878	2140916.088	904.51532	2320	0.986764934
269530.15	2140906.351	904.82629	2330	-1.781152865
269530.145	2140896.577	905.53491	2340	-4.053318114
269528.207	2140886.766	905.67981	2350	-0.830157748
269527.42	2140876.876	902.88794	2360	15.59904236
269527.98	2140866.891	902.74548	2370	0.816180464
269528.54	2140856.907	901.5979	2380	6.546511425
269524.565	2140848.125	899.05927	2390	14.24436735
269519.132	2140839.729	900.30115	2400	-7.079203364
269514.002	2140831.173	899.67114	2410	3.604926973
269510.063	2140821.981	901.04352	2420	-7.81434304
269506.124	2140812.79	898.57123	2430	13.88671892
269502.939	2140803.52	896.12567	2440	13.74229943
269504.931	2140793.723	895.698	2450	2.448876318
269508.715	2140784.467	895.39209	2460	1.752188756
269512.197	2140775.172	895.11194	2470	1.604721534
269510.855	2140765.262	894.09784	2480	5.790569098
269509.514	2140755.353	893.27118	2490	4.725667908
269508.173	2140745.443	893.09686	2500	0.998678879
269510.113	2140735.907	892.30292	2510	4.539419162
269513.648	2140726.553	891.68903	2520	3.512922091
269518.176	2140717.663	890.94116	2530	4.277017399
269523.085	2140708.95	890.7168	2540	1.28527248
269527.993	2140700.237	890.84802	2550	-0.751792071
269534.693	2140693.064	890.33978	2560	2.909497268
269537.72	2140683.804	884.95386	2570	28.30655021
269540.004	2140674.068	882.9032	2580	11.58875519
269545.963	2140666.378	882.53815	2590	2.090654082
269553.034	2140659.307	882.573	2600	-0.199674983
269562.976	2140658.745	882.06903	2610	2.885094476
269571.244	2140653.471	881.81915	2620	1.431409064
269579.259	2140647.491	881.7901	2630	0.166443771
269584.834	2140639.272	881.59052	2640	1.143357376
269590.105	2140630.774	881.07831	2650	2.93218463
269595.919	2140622.661	880.99298	2660	0.488893021
269602.188	2140614.87	880.34009	2670	3.735482479
269607.999	2140606.77	880.68451	2680	-1.972601484
269612.881	2140598.042	881.32019	2690	-3.637284091
269617.762	2140589.315	880.21912	2700	6.283355774
269622.644	2140580.587	880.09222	2710	0.727044417
269627.525	2140571.86	880.66486	2720	-3.277406259
269631.414	2140562.761	879.7702	2730	5.112413003
269633.453	2140552.971	880.09351	2740	-1.851784808
269638.023	2140544.466	880.50049	2750	-2.330537492
269644.723	2140537.042	879.5451	2760	5.457417147
269649.25	2140528.46	878.04456	2770	8.533791476
269651.675	2140518.759	877.56464	2780	2.747630867
269654.101	2140509.058	876.93066	2790	3.627582905
269656.526	2140499.356	876.52429	2800	2.32704822
269658.464	2140489.564	876.13562	2810	2.225794719
269659.691	2140479.64	875.45087	2820	3.917213761
269660.917	2140469.715	875.57111	2830	-0.688891255
269661.902	2140459.789	874.93579	2840	3.63522974
269660.772	2140449.853	875.09222	2850	-0.896204782
269659.642	2140439.918	873.94275	2860	6.557199342
269658.663	2140429.974	872.20715	2870	9.846171719
269658.847	2140419.976	870.42352	2880	10.1130982
269659.031	2140409.978	869.73395	2890	3.944700537
269659.215	2140399.979	868.22845	2900	8.561582366
269659.399	2140389.981	867.96802	2910	1.491816778
269659.583	2140379.983	867.41797	2920	3.148381714
269659.296	2140370.083	867.37329	2930	0.255995839
269655.138	2140360.988	867.64343	2940	-1.54741185
269650.884	2140351.942	866.24963	2950	7.934766923
269646.027	2140343.201	866.9986	2960	-4.283284829
269641.153	2140334.469	865.98163	2970	5.80684513
269636.002	2140325.898	866.23877	2980	-1.472979082
269630.851	2140317.327	863.58771	2990	14.84790175
269625.7	2140308.755	865.54395	3000	-11.06864784
269621.864	2140299.692	864.55609	3010	5.641716499
269620.123	2140289.845	861.33984	3020	17.82908897
269618.381	2140279.998	862.51154	3030	-6.682875013
269616.64	2140270.15	863.53418	3040	-5.838997451
269614.899	2140260.303	862.95154	3050	3.334511492
269613.157	2140250.456	860.96729	3060	11.2231362
269611.988	2140240.574	858.44086	3070	14.17867953
269612.534	2140230.589	857.46765	3080	5.558577535
269613.081	2140220.604	857.01306	3090	2.602816903
269614.921	2140210.886	855.77325	3100	7.06752298
269618.369	2140201.499	855.59833	3110	1.002115578
269621.817	2140192.112	855.73657	3120	-0.792006407
269625.265	2140182.726	855.86865	3130	-0.756718654
269623.858	2140173.661	855.53027	3140	1.938035123
269619.199	2140164.813	855.90833	3150	-2.165093115
269614.547	2140155.961	853.32135	3160	14.50431855
269610.966	2140146.762	854.81287	3170	-8.483242035
269609.551	2140136.863	853.71045	3180	6.29099794
269608.137	2140126.963	852.78033	3190	5.313906291
269606.723	2140117.064	852.92188	3200	-0.810967599
269607.325	2140107.146	852.36273	3210	3.200360992
269608.555	2140097.222	852.56879	3220	-1.180469773
269609.785	2140087.298	852.37799	3230	1.093070843
269612.914	2140077.894	853.06946	3240	-3.955535074
269616.913	2140068.728	853.11957	3250	-0.287106748
269620.912	2140059.562	853.31024	3260	-1.092326269
269624.911	2140050.397	853.64294	3270	-1.90552772
269628.909	2140041.231	852.12457	3280	8.633674047
269632.313	2140032.081	851.27997	3290	4.827743737
269627.851	2140023.131	850.49591	3300	4.483161155
269623.388	2140014.182	850.91534	3310	-2.401749142
269618.926	2140005.233	849.86206	3320	6.012680397
269614.464	2139996.284	847.82855	3330	11.49442656
269610.002	2139987.335	846.35626	3340	8.375429882
269605.539	2139978.385	846.78571	3350	-2.45905627
269601.077	2139969.436	847.79779	3360	-5.779112931
269596.615	2139960.487	847.92871	3370	-0.750073493
269592.563	2139951.383	844.22345	3380	20.33097773
269589.991	2139941.719	842.72339	3390	8.53110182
269588.769	2139931.999	842.66766	3400	0.319306074
269590.529	2139922.155	842.84698	3410	-1.027317814
269593.359	2139912.681	841.74176	3420	6.306847642
269598.053	2139903.851	841.52954	3430	1.215748541
269602.747	2139895.022	841.46466	3440	0.371729802
269607.483	2139886.216	841.42566	3450	0.223452407
269612.786	2139877.738	840.93365	3460	2.816738251
269618.089	2139869.26	839.69952	3470	7.035469428
269622.629	2139860.411	838.21021	3480	8.47085483
269626.023	2139851.004	837.73846	3490	2.700925967
269629.417	2139841.598	837.67682	3500	0.353166712
269628.005	2139831.999	836.53363	3510	6.521684287
269627.272	2139822.353	836.26025	3520	1.565961982
269631.263	2139813.474	835.07391	3530	6.765605987
269638.207	2139806.278	834.75262	3540	1.84022307
269644.654	2139798.735	833.89813	3550	4.884003219
269648.156	2139789.447	834.06079	3560	-0.931890968
269650.303	2139779.68	833.94189	3570	0.681214718
269652.251	2139769.876	832.71735	3580	6.981340806
269653.829	2139760.001	832.24585	3590	2.699496751
269655.406	2139750.126	832.0116	3600	1.341908222
269658.534	2139740.735	832.07098	3610	-0.34021834
269662.853	2139731.716	831.73547	3620	1.921609882
269665.296	2139722.163	831.49725	3630	1.364641959
269666.378	2139712.221	833.25586	3640	-9.974104275
269668.613	2139702.622	832.04694	3650	6.893150414
269673.128	2139693.699	830.64124	3660	8.001638675
269677.642	2139684.777	830.19629	3670	2.547695283
269682.157	2139675.854	831.04626	3680	-4.858292265
269686.671	2139666.931	830.31744	3690	4.168460771
269691.186	2139658.008	830.81702	3700	-2.860004799
269695.701	2139649.085	830.59875	3710	1.250396434
269698.72	2139639.744	822.65021	3720	38.47957344
269699.489	2139629.773	822.44434	3730	1.179381615
269700.259	2139619.803	821.73041	3740	4.083589028
269701.029	2139609.833	821.44464	3750	1.636896001
269701.798	2139599.862	821.13763	3760	1.758485378
269702.568	2139589.892	821.23407	3770	-0.552543368
269703.338	2139579.922	821.1474	3780	0.496570088
269704.107	2139569.951	821.16333	3790	-0.0912721
269705.297	2139560.095	820.67224	3800	2.811479745
269709.662	2139551.098	820.15472	3810	2.962528251
269714.027	2139542.101	820.02118	3820	0.765082363
269717.25	2139532.82	817.88	3830	12.08556931
269717.601	2139522.826	820.0661	3840	-12.33143195
269717.951	2139512.832	814.51752	3850	29.02405424
269718.886	2139502.901	815.01752	3860	-2.862405226
269720.675	2139493.063	814.73431	3870	1.622240143
269722.464	2139483.224	813.28589	3880	8.241520711
269724.179	2139473.385	813.237	3890	0.280116834
269722.524	2139463.523	812.39661	3900	4.803792222
269720.868	2139453.661	811.65863	3910	4.220662919
269719.212	2139443.799	810.42914	3920	7.00928155
269717.697	2139433.915	810.47504	3930	-0.262985781
269716.314	2139424.011	810.44171	3940	0.190966126
269714.93	2139414.108	809.23035	3950	6.906928808
269713.437	2139404.232	808.42804	3960	4.587072176
269709.928	2139394.867	808.25647	3970	0.982927251
269706.42	2139385.503	807.9231	3980	1.909362284
269704.299	2139375.95	807.84119	3990	0.469299235
269706.065	2139366.343	806.05255	4000	10.14091592
269712.283	2139358.513	806.33789	4010	-1.634434289
269717.637	2139350.067	806.23492	4020	0.589953792
269722.991	2139341.621	804.82269	4030	8.038324537
269728.345	2139333.176	805.04736	4040	-1.287047755
269732.611	2139324.169	803.83044	4050	6.938322475
269736.382	2139314.907	803.47028	4060	2.062673236
269740.153	2139305.645	804.40546	4070	-5.34264795
269744.442	2139296.623	804.54456	4080	-0.796932897
269749.054	2139287.75	804.87958	4090	-1.918805541
269753.665	2139278.877	803.43268	4100	8.232990522
269758.277	2139270.004	802.12323	4110	7.460150358
269760.533	2139260.831	802.02209	4120	0.579469756
269758.29	2139251.086	801.77429	4130	1.419498917
269756.046	2139241.341	802.31921	4140	-3.119076819
269753.802	2139231.596	802.51929	4150	-1.146221021
269751.559	2139221.851	802.92511	4160	-2.32390214
269749.361	2139212.107	801.40814	4170	8.625833237
269752.024	2139202.468	801.24658	4180	0.925590088
269754.687	2139192.829	799.31732	4190	10.91968613
269757.35	2139183.19	798.94257	4200	2.146155044
269759.751	2139173.522	798.95905	4210	-0.094423359
269759.281	2139163.533	799.18921	4220	-1.318486877
269758.812	2139153.544	798.92017	4230	1.541113891
269758.343	2139143.555	798.922	4240	-0.010485128
269757.873	2139133.566	800.04987	4250	-6.435024584
269757.404	2139123.577	800.38531	4260	-1.921209263
269758.401	2139113.663	799.30115	4270	6.187611633
269759.892	2139103.775	799.547	4280	-1.408333042
269761.383	2139093.887	798.31433	4290	7.027229594
269763.402	2139084.162	796.20245	4300	11.92495592
269767.75	2139075.156	796.1181	4310	0.483278439
269772.097	2139066.151	795.8418	4320	1.582679722
269776.445	2139057.145	795.07104	4330	4.40741556
269778.074	2139047.518	792.82672	4340	12.64940388
269778.074	2139037.518	792.30786	4350	2.970185325
269778.074	2139027.518	791.7594	4360	3.139299086
269776.701	2139017.729	791.79468	4370	-0.202138671
269773.696	2139008.191	791.29602	4380	2.854746687
269770.691	2138998.653	791.06561	4390	1.319918513
269771.716	2138989.183	791.2663	4400	-1.149714661
269775.038	2138979.751	790.05133	4410	6.927312582
269778.361	2138970.319	789.51105	4420	3.092569618
269781.444	2138960.819	786.67004	4430	15.85990125
269783.562	2138951.046	786.69244	4440	-0.128342331
269785.681	2138941.273	785.14929	4450	8.77240221
269787.799	2138931.5	784.15741	4460	5.664525906
269789.918	2138921.727	784.7619	4470	-3.459263197
269792.037	2138911.954	784.50983	4480	1.443948941
269793.155	2138902.029	784.41626	4490	0.536100963
269794.037	2138892.068	784.18988	4500	1.296840352
269794.918	2138882.107	784.62677	4510	-2.501604492
269795.8	2138872.146	784.28076	4520	1.981700669
269796.519	2138862.173	783.48419	4530	4.554393252
269797.143	2138852.192	783.55383	4540	-0.399001358
269796.14	2138842.643	783.04797	4550	2.895895841
269790.655	2138834.281	784.06622	4560	-5.814103824
269785.171	2138825.919	783.64862	4570	2.391282348
269779.686	2138817.557	782.11694	4580	8.708201436
269774.855	2138808.892	782.19653	4590	-0.456007481
269771.985	2138799.312	778.5896	4600	19.83401906
269769.116	2138789.733	778.83508	4610	-1.406214377
269765.921	2138780.271	778.88354	4620	-0.277653174
269761.969	2138771.086	778.60461	4630	1.597736907
269758.017	2138761.9	778.29755	4640	1.758771587
269753.43	2138753.016	778.01331	4650	1.628136861
269748.8	2138744.152	779.91492	4660	-10.76687004
269744.17	2138735.288	778.84753	4670	6.092625894
269739.515	2138726.438	775.57074	4680	18.14288343
269734.84	2138717.598	774.07465	4690	8.508854672
269730.151	2138708.765	774.0072	4700	0.386454172
269725.423	2138699.954	773.65344	4710	2.026050603
269720.695	2138691.142	772.88055	4720	4.41954729
269717.794	2138681.597	772.45117	4730	2.458655938
269715.118	2138671.962	772.5882	4740	-0.785074931
269714.376	2138662.156	772.68427	4750	-0.550423621
269715.324	2138652.201	772.6853	4760	-0.005901465
269711.002	2138643.291	772.80103	4770	-0.663054455
269706.326	2138634.452	772.82526	4780	-0.138827402
269701.65	2138625.612	775.53375	4790	-15.15490434
269696.975	2138616.773	772.67633	4800	15.94686396
269694.408	2138607.179	769.65356	4810	16.81885946
269692.419	2138597.379	769.57928	4820	0.425585223
269690.43	2138587.579	769.89856	4830	-1.82871842
269688.44	2138577.779	769.02045	4840	5.018327717
269686.451	2138567.979	769.13593	4850	-0.661622252
269684.462	2138558.179	768.17749	4860	5.474733793
269682.473	2138548.378	767.78925	4870	2.223334713
269679.985	2138538.754	766.76373	4880	5.855327377
269675.386	2138529.874	765.64514	4890	6.382516569
269670.787	2138520.995	766.08521	4900	-2.519789587
269666.188	2138512.115	766.19745	4910	-0.643060826
269661.589	2138503.236	764.83484	4920	7.759392663
269656.99	2138494.356	764.0722	4930	4.361163274
269652.39	2138485.476	763.9483	4940	0.709858386
269647.791	2138476.597	764.24597	4950	-1.705019996
269643.192	2138467.717	764.68402	4960	-2.508238107
269639.267	2138458.556	764.40393	4970	1.604378029
269636.175	2138449.045	764.302	4980	0.583995656
269633.084	2138439.535	764.52081	4990	-1.253488929
269629.992	2138430.025	764.06152	5000	2.62968981
269629.639	2138420.088	762.63123	5010	8.139751877
269629.688	2138410.088	762.07135	5020	3.204530531
269629.738	2138400.088	761.82343	5030	1.420186044
269629.787	2138390.089	761.09882	5040	4.144465968
269629.836	2138380.089	759.43817	5050	9.42877768
269630.793	2138370.148	760.45721	5060	-5.818583705
269632.036	2138360.225	758.16187	5070	12.92740356
269633.28	2138350.303	760.10413	5080	-10.99148038
269634.523	2138340.38	759.19666	5090	5.185217772
269635.766	2138330.458	757.50555	5100	9.598532809
269637.009	2138320.536	756.45941	5110	5.972217074
269638.492	2138310.697	755.14178	5120	7.506223366
269643.715	2138302.169	753.20557	5130	10.95807278
269648.937	2138293.641	752.03156	5140	6.695930745
269654.159	2138285.113	750.38196	5150	9.367153992
269659.381	2138276.585	750.9765	5160	-3.402458069
269664.604	2138268.057	750.49652	5170	2.747973852
269668.557	2138258.9	750.41687	5180	0.456351233
269672.182	2138249.58	750.67029	5190	-1.451678933
269675.806	2138240.26	751.35614	5200	-3.923486836
269676.276	2138230.348	750.9599	5210	2.269100922
269676.276	2138220.348	747.7406	5220	17.84492455
269674.77	2138210.759	747.58887	5230	0.869282158
269669.694	2138202.143	743.85492	5240	20.47538048
269664.618	2138193.527	742.12177	5250	9.832544177
269659.542	2138184.911	741.58881	5260	3.050749535
269655.566	2138175.808	741.57782	5270	0.062968036
269652.611	2138166.255	738.59503	5280	16.60873719
269649.655	2138156.702	738.03955	5290	3.17939855
269646.699	2138147.149	738.8634	5300	-4.709676701
269643.744	2138137.596	738.55286	5310	1.778691523
269645.79	2138128.271	738.92249	5320	-2.116860186
269649.478	2138119.021	739.45935	5330	-3.073031135
269646.669	2138109.423	739.08533	5340	2.141978306
269643.86	2138099.826	737.31012	5350	10.06633581
269641.051	2138090.228	736.44263	5360	4.957939629
269638.242	2138080.631	735.98956	5370	2.594125845
269635.433	2138071.034	733.90271	5380	11.78759845
269632.624	2138061.436	731.3468	5390	14.33734172
269631.931	2138051.646	727.65674	5400	20.25436339
269632.955	2138041.698	725.50299	5410	12.1544152
269633.979	2138031.751	725.13348	5420	2.116173575
269634.413	2138021.92	725.58093	5430	-2.561990766
269629.685	2138013.108	726.26385	5440	-3.906777437
269624.957	2138004.297	725.21332	5450	5.997096495
269620.229	2137995.485	722.20117	5460	16.76308925
269615.5	2137986.673	721.22174	5470	5.593879015
269609.503	2137978.926	723.17572	5480	-11.05617573
269601.653	2137972.73	721.10083	5490	11.72191673
269593.803	2137966.535	717.78827	5500	18.32776196
269586.99	2137959.634	714.07129	5510	20.38999964
269584.096	2137950.062	713.86823	5520	1.163288229
269581.202	2137940.49	712.74353	5530	6.417089334
269578.308	2137930.918	711.20392	5540	8.752590208
269575.414	2137921.345	709.92554	5550	7.28506383
269572.52	2137911.773	707.98944	5560	10.9574653
269569.626	2137902.201	707.40472	5570	3.346388551
269568.401	2137892.377	707.88757	5580	-2.764379718
269568.342	2137882.377	707.10486	5590	4.475473404
269568.704	2137872.49	706.57648	5600	3.02458176
269573.729	2137863.844	706.82617	5610	-1.430321123
269577.577	2137854.816	707.20032	5620	-2.142722111
269578.592	2137844.868	707.91077	5630	-4.063750719
269579.607	2137834.919	704.07544	5640	20.98346713
269580.622	2137824.971	702.22284	5650	10.4956214
269583.339	2137815.428	700.7832	5660	8.192242578
269586.915	2137806.089	700.4801	5670	1.736103557
269590.492	2137796.75	699.10651	5680	7.821147558
269594.068	2137787.412	697.07562	5690	11.48001042
269596.003	2137777.608	693.53046	5700	19.52023109
269597.862	2137767.782	690.98853	5710	14.26212881
269599.147	2137757.94	688.46259	5720	14.17604046
269597.838	2137748.026	688.55371	5730	-0.522064694
269596.529	2137738.113	687.66925	5740	5.054430141
269595.219	2137728.199	684.2868	5750	18.68785052
269594.479	2137718.277	683.83594	5760	2.58148929
269595.525	2137708.332	680.23541	5770	19.80156458
269596.571	2137698.387	677.08746	5780	17.47374132
269599.713	2137689.114	676.6142	5790	2.709558357
269604.642	2137680.413	674.37091	5800	12.64378529
269608.855	2137671.557	667.24744	5810	35.46405726
269607.969	2137661.596	663.37555	5820	21.16585521
269607.084	2137651.635	657.75885	5830	29.32161549
269607.08	2137641.674	651.9325	5840	30.22657491
269607.965	2137631.714	648.85309	5850	17.11574473
269608.849	2137621.753	646.6637	5860	12.34942126
269612.867	2137612.681	645.87378	5870	4.516529811
269617.348	2137603.742	643.21515	5880	14.88841892
269621.829	2137594.802	639.17053	5890	22.02146101
269618.587	2137585.704	637.4082	5900	9.994777587
269614.475	2137576.588	632.26233	5910	27.22976156
269610.513	2137567.423	628.74298	5920	19.38875479
269608.367	2137557.656	623.85394	5930	26.05419409
269606.22	2137547.889	619.25745	5940	24.68582945
269605.684	2137537.953	614.95941	5950	23.25822657
269605.758	2137527.954	610.40717	5960	24.47616718
269605.832	2137517.954	606.18048	5970	22.91227363
269604.776	2137508.152	602.91595	5980	18.07942689
269601.306	2137498.774	599.11157	5990	20.82871683
269597.836	2137489.395	596.4588	6000	14.85705557
269596.138	2137479.639	593.02405	6010	18.95631536
269595.487	2137469.66	590.61224	6020	13.55969712
269594.951	2137459.676	588.84888	6030	10.00050118
269594.681	2137449.68	587.66479	6040	6.75289302
269594.411	2137439.684	586.45563	6050	6.894505701
269594.141	2137429.687	583.73859	6060	15.20053428
269593.6	2137419.705	581.9046	6070	10.39249785
269592.852	2137409.733	579.86871	6080	11.50752085
269592.104	2137399.761	577.19995	6090	14.94261423
269591.356	2137389.789	575.21973	6100	11.20091897
269589.546	2137380.009	573.36395	6110	10.51323587
269586.749	2137370.408	570.98199	6120	13.39796114
269583.951	2137360.808	567.52148	6130	19.0882297
269581.154	2137351.207	565.00104	6140	14.14641394
269578.357	2137341.606	561.3822	6150	19.89437952
269575.56	2137332.005	557.84271	6160	19.49136635
269572.763	2137322.404	554.56891	6170	18.12741172
269569.21	2137313.063	551.875	6180	15.07704788
269565.516	2137303.77	549.72058	6190	12.15808379
269561.823	2137294.477	546.01837	6200	20.31561054
269558.129	2137285.184	542.07245	6210	21.5337955
269554.436	2137275.891	538.66473	6220	18.81767282
269550.742	2137266.599	535.58112	6230	17.13772206
269547.049	2137257.306	533.01038	6240	14.41707253
269543.355	2137248.013	532.89178	6250	0.679496087
269539.662	2137238.72	530.12189	6260	15.4821462
269535.968	2137229.427	527.65796	6270	13.84156994
269532.275	2137220.134	526.44885	6280	6.89422335
269528.581	2137210.841	525.15222	6290	7.387923527
269524.888	2137201.548	523.60175	6300	8.81336269
269521.194	2137192.255	523.72418	6310	-0.701437184
269517.501	2137182.962	522.79108	6320	5.330833523
269513.807	2137173.669	520.36548	6330	13.63434121
269510.114	2137164.377	519.1676	6340	6.830798837
269506.42	2137155.084	517.68414	6350	8.43806132
269502.727	2137145.791	516.73785	6360	5.405745156
269499.033	2137136.498	515.42981	6370	7.452207696
269495.34	2137127.205	515.20984	6380	1.260132042
269491.646	2137117.912	514.08221	6390	6.433666754
269487.953	2137108.619	512.94885	6400	6.46608295
269484.259	2137099.326	511.08447	6410	10.56086241
269480.566	2137090.033	509.90732	6420	6.713676377
269476.872	2137080.74	508.53192	6430	7.831325803
269473.179	2137071.448	507.83588	6440	3.981593825
269469.485	2137062.155	506.54922	6450	7.331737025
269467.663	2137052.42	505.12656	6460	8.09690702
269466.812	2137042.456	504.32751	6470	4.568512734
269465.962	2137032.493	502.95392	6480	7.821147558
269465.111	2137022.529	502.64166	6490	1.78853685
269464.261	2137012.565	501.12347	6500	8.632665962
269463.41	2137002.601	500.73651	6510	2.216011854
269462.56	2136992.638	499.30151	6520	8.166195442
269461.709	2136982.674	498.35535	6530	5.40500692
269460.859	2136972.71	497.22141	6540	6.469363939
269460.008	2136962.746	497.53427	6550	-1.791971242
269459.157	2136952.783	495.43375	6560	11.86263263
269458.307	2136942.819	494.72772	6570	4.038552381
269457.164	2136932.888	494.24072	6580	2.788101684
269455.762	2136922.987	492.53409	6590	9.684961378
269454.36	2136913.086	492.61765	6600	-0.478752391
269452.958	2136903.184	492.57559	6610	0.240984628
269451.556	2136893.283	491.41992	6620	6.592257012
269450.154	2136883.382	490.13004	6630	7.349885074
269448.753	2136873.481	489.14798	6640	5.608804245
269447.351	2136863.579	488.85245	6650	1.692769476
269445.949	2136853.678	488.18277	6660	3.831263224
269444.547	2136843.777	488.47098	6670	-1.650864666
269443.145	2136833.876	487.36682	6680	6.300847512
269441.743	2136823.975	486.34946	6690	5.809056783
269440.341	2136814.073	485.78265	6700	3.244110893
269438.939	2136804.172	483.8616	6710	10.87432739
269437.537	2136794.271	483.43689	6720	2.431947517
269436.135	2136784.37	483.01532	6730	2.413988797
269434.733	2136774.468	482.24557	6740	4.401662817